1080 1
0.6766077801515569
0.8488435084159327
0.7750910956028458
0.9141434334855076
0.9119903232475214
0.7090370421130566
0.7105857020572387
0.9207488710140077
0.983255741473482
0.9503730538968379
0.7431269079831466
0.8003980502093835
0.8733851740688545
0.88508081079316
0.748100301916158
0.82447847442625
0.8012332661231238
0.6055073798362729
0.9091306486449496
0.9530564762544467
0.7459543935605489
0.8461584713733975
0.6301524966571906
0.7475296024007898
0.9732560407930086
0.8605512572906309
0.7588810310904617
0.9154920571762982
0.7267344488675485
0.8272394610504277
0.9476509558244903
0.7744693695582717
0.9208590568320636
0.6575067298058258
0.8817043884473341
0.8818325232758291
0.6875168422696354
0.9699470514462261
0.7768563021616707
0.963726383588989
0.6239236891119407
0.6737148335255254
0.6189421115206061
0.8699523774329321
0.8378499119737796
0.8133240651995002
0.6173296250779213
0.8245732320253591
0.731867378248366
0.8011867332450473
0.6447577270297615
0.8428774824873938
0.8263778572202125
0.6027056247960011
0.8469766835217188
0.9648491545732617
0.9162096532228133
0.9968325864753446
0.9835207048611466
0.9167856541166559
0.11410038400980392
0.24996668212236442
0.19123751826826985
0.0782700714663593
0.1529269808126026
0.021549474058494635
0.18065936330434362
0.39280189660878184
0.0495770801947852
0.04775235917049936
0.29540922245733875
0.23492145338559386
0.18865301372814713
0.04285072687754652
0.09168742618424718
0.3599860779346702
0.16670141512107728
0.21434066501264637
0.0024834066348517593
0.12025668230812046
0.1747572688702441
0.24485959882630304
0.36727923015222924
0.25029466798501415
0.28239902603270933
0.059933486395970896
0.2984253636546867
0.3324027969734151
0.25349030758039165
0.17532395244897103
0.061029109869802145
0.22736384609887605
0.21128971103402422
0.3805715055014373
0.19214367140400646
0.20102382535302016
0.21475127716976392
0.32768082682566335
0.022846255235543955
0.26776869722981955
0.306846651351789
0.28324614479104154
0.3187468734900787
0.2231043313709798
0.38633461279685105
0.058862759957198876
0.011858800214166233
0.23755739704990872
0.04562627949706499
0.3803239400336489
0.1302829657701389
0.07744747606151088
0.18312465955897103
0.36816102843723514
0.3516276646058703
0.10104630201861209
0.13920351714773846
0.0730354926321235
0.36071842054839687
0.282611265268719
0.8906633846248563
0.9600351347238831
0.9116655203077297
0.8396619122417169
0.7164500979591499
0.6605581057629728
0.734069863659774
0.8630207108631278
0.6293370174530473
0.6220025581624894
0.7292779255684706
0.8361927217851944
0.9415594268502567
0.7148249700000036
0.6692268907259168
0.6536084823995371
0.9978615314577178
0.6717991477877567
0.7270187292108783
0.8273165618636429
0.6037394298000978
0.9602594484620368
0.9908965723690348
0.8227578716547339
0.6339095373576761
0.73320098629164
0.8913714705478688
0.6569741493367268
0.8209875757990182
0.7092173038734743
0.9897980552349039
0.8671147624580151
0.7022613145736558
0.6433245976730915
0.9104722892695529
0.9129911970400808
0.9046415657229976
0.9657612453077296
0.863449112776969
0.827347032629173
0.6807022769811913
0.8793185502207044
0.980878163926191
0.955985314856802
0.9974269451452695
0.9274814040815702
0.8180488664718879
0.7805016219856393
0.9562228751715429
0.9893059164474676
0.8373645318275879
0.7464297990881883
0.7292378771864998
0.9485693020194792
0.6862536251953584
0.8939780754248785
0.7462476349468743
0.9206410394011041
0.9130942367901504
0.8805421516946772
0.24911063464127967
0.19747305829884484
0.33621508004739553
0.28483879477745894
0.177563592566341
0.01241394445333306
0.14529590407743923
0.2922887165641355
0.19022662923345665
0.13776678804880108
0.25635217399840754
0.05048212864575979
0.0685861043856999
0.2948345974754087
0.05081175742896096
0.14785994997865073
0.24173360193441057
0.0412417755422589
0.3209496729348841
0.37822129433684976
0.3916155279735751
0.35249289853557086
0.2510727685855901
0.3721946133610663
0.28991598124097556
0.28667115442214247
0.01643142663367354
0.17579271006698996
0.11282791324643511
0.13399838755677093
0.03341080281776012
0.30433965882295444
0.2037089788655816
0.2644189670433809
0.2521257769937126
0.14837073098301098
0.1786960606923379
0.1660432880790373
0.19215540320536265
0.3933294293553865
0.14936948294141494
0.004962792691085439
0.36876133511961157
0.3493104281376832
0.1406987286350355
0.25205324500091686
0.14313078373667643
0.08512797505938599
0.08932768924906087
0.1678255166923311
0.029164088431226712
0.2603356280546769
0.302274459580375
0.3728404905247249
0.15056166383279918
0.11877091337981338
0.14877772499766007
0.3310797435214537
0.36045581410011795
0.17092151394299848
0.6008757723292486
0.616786097825868
0.6567149532651059
0.8392948740420667
0.6425842088047443
0.7188635944697271
0.623356795964853
0.8485299441005446
0.6090721904499133
0.9420218744526627
0.722534881146509
0.9035133779015616
0.8253100440559464
0.6152656728714593
0.8262066896239352
0.8635493954592834
0.6733065397570711
0.9189645232364554
0.8449469717875795
0.8222613537798947
0.8517966178489538
0.8744720301324408
0.6961530150091146
0.9151711151918158
0.9425909828238284
0.8911184062394477
0.8769380573663844
0.788940375628074
0.9427491767738003
0.8658973335617224
0.7333503769101298
0.8072581997025253
0.7578754333780691
0.6124198393425445
0.8307359372532483
0.9401006981395443
0.980595546069458
0.8731915188433066
0.6304650192784111
0.7640311771089948
0.6167605595086947
0.6696747326301516
0.8261608022259014
0.6691564682399441
0.8266441911777784
0.8056017011798164
0.9475483550189507
0.8881388991723811
0.9614365388281193
0.7110459992933489
0.7026661728725951
0.8798813051445642
0.9606275584995758
0.9934769300486312
0.856365124970498
0.7320029554140843
0.8426700864916641
0.9288639154303562
0.8511860261844646
0.6471692230002841
0.11435106934046253
0.39469888613514587
0.17272033939636977
0.22969376551322576
0.2108968306696921
0.0790612197510051
0.06628337288993365
0.20039618316887942
0.3960816240341257
0.15759672452345874
0.285605306110646
0.0703617077693091
0.028278471500177062
0.06304923452499893
0.06462320540353438
0.1134548329048557
0.2146824102256264
0.30929548595728423
0.35213743251088175
0.25495657878296213
0.34104089610182126
0.23918214860977083
0.2775386641208252
0.2148706692586405
0.3556920333862784
0.020906570502727862
0.31327348031718716
0.05806930764067695
0.023479370395178868
0.02359783234221533
0.020788491947210153
0.20639443537663432
0.16199848803972539
0.3998598375080775
0.043428004221057706
0.13095372099791244
0.399131972823241
0.16044575669521977
0.35333430658925047
0.22765543221097354
0.38129635585776667
0.3541548976620947
0.3117142366327779
0.012723225214468982
0.38504741191339054
0.207854177692561
0.0831164045815978
0.3500391226954603
0.08966059160103833
0.05546373061476384
0.2900957150024808
0.3895155638029989
0.21419275063813906
0.17791919920019625
0.008844471207404015
0.24239533612619782
0.3859186095826721
0.38703659238677407
0.372011523704216
0.07387193279841293
0.8491848633445763
0.7651850679052529
0.7452244808821935
0.6146411765379366
0.9472594838287511
0.8691312850512596
0.6349886456246895
0.9547863756945578
0.9129858203061587
0.7269217645051841
0.9273255149548028
0.8030220272969393
0.6084773207072273
0.7734087032915127
0.7785252223815177
0.6955279957628919
0.9320982927364302
0.8979056706452213
0.8345916003840662
0.7971471410261928
0.7949423519364772
0.7066962783691682
0.8420044405758867
0.9014174883961148
0.7082336911812934
0.8089213132529904
0.6393314120854244
0.8854546699877914
0.9536162376063928
0.8268217684912014
0.9977926315588928
0.6714959081050232
0.6048800345177712
0.7827993922228323
0.9727007767419803
0.9384098752871499
0.789331950428104
0.9610220104190941
0.6903982105349459
0.7216614954626346
0.8859975526054092
0.8896365933751508
0.6074705757694726
0.7143252413435524
0.8321945340981556
0.9723146528360679
0.7355987606715053
0.6480332492278664
0.8065090834103008
0.8796828253245336
0.7194562708305899
0.9446438461116711
0.9623228781571496
0.9074333007391138
0.7044926562950022
0.9753822384786596
0.9754569822053387
0.898017818843151
0.9642940171389242
0.6948898835178141
0.19798694084815752
0.3239513355239739
0.3818263135301988
0.25499330180958785
0.364339901090261
0.2768547004783071
0.01717719573963401
0.3334347602751964
0.1479794063905495
0.37462280036053275
0.19322115007060925
0.050132642867368515
0.3857816735039119
0.0068103323904040725
0.2706283060306281
0.0561759864843328
0.062125141313288085
0.25982309882195176
0.3926616864553926
0.2779229661526434
0.30478955721446127
0.17008367312114642
0.05555737758672437
0.0864745212640322
0.3058801089597179
0.021842347661836216
0.19604919565364712
0.07227607268206558
0.25236993858115675
0.2204968133426562
0.226832485793512
0.32733799013451315
0.37559492152259677
0.07716056594573928
0.28513760971698204
0.279175921696225
0.10331859948150593
0.36632312782692134
0.21294327463086604
0.22318576776333857
0.12910890726605967
0.13545231303942296
0.13292062161664778
0.39152728223709854
0.08128607821679319
0.26681042402589933
0.2299137067767584
0.020790114627819857
0.21713524103606555
0.08317964597545241
0.03643607188595382
0.34794228480357264
0.010947911798745614
0.3874498088784982
0.13099995582991605
0.16411118314703355
0.0542176860184449
0.0508265242979816
0.16559359190565492
0.24697749441567743
0.6529067611469411
0.9897924871433115
0.6722540409778116
0.9041399644785264
0.7928647260817671
0.9072315472577046
0.7211593771319068
0.6060700363101814
0.7853474745867817
0.8813348315676067
0.626416357163862
0.8676045670627217
0.7381916223368641
0.8366885890412379
0.691621383122843
0.7070273449911012
0.9731307942558797
0.9304580235135427
0.6581772771334062
0.8588014439573339
0.953580466133267
0.8965442136622984
0.806284319737807
0.6541007374259309
0.6159534610421397
0.9337287328355874
0.6468231477179099
0.8092409254440216
0.9492233873026202
0.6154831347865309
0.8769563147174813
0.7905073912530626
0.6677057953833548
0.6252687569007934
0.6128896367807097
0.6969723425520138
0.6450827298696261
0.7619960069599365
0.6168291884970946
0.9706261797607456
0.9741051634415191
0.9241707589958456
0.6753372313732028
0.8349272893562046
0.9614042222646714
0.9869369058945404
0.6270156859733258
0.7270344286868742
0.8787451884303318
0.8561061502119731
0.8530493254596037
0.9315002596317241
0.885244170692639
0.7341920908661033
0.6670778707363455
0.9058759265285274
0.7437260249924409
0.6352019126582494
0.8918270398566576
0.9524199713522675
0.016505552476233556
0.06994710458639175
0.16803896595999335
0.1362426317210737
0.017907566322051285
0.04515652556343502
0.17521659514599097
0.02842928160944487
0.32649804306288177
0.34644625931707385
0.05244793676755273
0.07728777986953017
0.17499710070953203
0.3883701298707937
0.3095443857110498
0.052710588683769016
0.37087194547252905
0.33111863189828356
0.15709266614413053
0.0562282584500065
0.020854535677140885
0.03709172616752215
0.3547958521454059
0.0672603868864123
0.14515464476615914
0.2617127543023632
0.24192878134399823
0.15799714889842686
0.149842160076662
0.025229108707388814
0.17158361113286477
0.28788837042156673
0.30721235601519137
0.07774725827257965
0.3451483076368397
0.011488781311885533
0.36085152666498865
0.09461835196934532
0.05143370429238532
0.1271503152117441
0.33950451820655236
0.3329190986844907
0.13826054099277588
0.0959884753349682
0.21431502139501213
0.10858677432844509
0.013772349777750659
0.2508342360885933
0.20808018437827458
0.016782325640169304
0.3029891075836595
0.3953399051822008
0.32056038328912595
0.13759243453039635
0.13415649700344404
0.14062856119910566
0.1771782717391699
0.23179737408783516
0.247024363694338
0.07084699518686413
0.9459927154188681
0.8841082762457315
0.6682526753740514
0.9420330637134078
0.6079426487756797
0.8566734927955457
0.6649337410678401
0.7030201961925758
0.7370425840078838
0.602457656797185
0.7754204242278973
0.9188176443851719
0.8702659754743944
0.8180092352567642
0.8256907968785662
0.605593659709179
0.8435908557592969
0.9954265521581056
0.6896428094712439
0.8348870872818074
0.93402317980687
0.9169990302884572
0.7316911981907165
0.7428810239087612
0.9840451850532828
0.689518237055323
0.6846146843643108
0.6615660660621908
0.798358338071965
0.7045179120695811
0.8222745772238428
0.6291664016253808
0.7514067354560825
0.7844356104887915
0.9114161783621303
0.8881770870381968
0.6924817924202322
0.6098177569081683
0.7029459763657321
0.7640464119527229
0.6033595982573309
0.7886195786714345
0.9409688443422912
0.9692718793395076
0.6925744535655404
0.9963819657909315
0.6023991585782759
0.7341002089478266
0.9157032451771894
0.639404606082229
0.7769328997117448
0.752267729792475
0.9330393876423175
0.8847848741381454
0.7420003302873981
0.6098545337986333
0.877405007570993
0.7684847765510998
0.9433397772794111
0.8300294215159192
0.37602494486433125
0.3521022077736309
0.18325801222104726
0.006924027012847622
0.027461856552418864
0.12824320645520035
0.23692075475018481
0.24402097532709327
0.20497100134508572
0.0579025833360817
0.35072347728119774
0.29529407166922667
0.14932815355714119
0.33147455325039593
0.03609581499663879
0.025601287488926164
0.20235877938691949
0.37337068457391687
0.05958476718266739
0.22779151728262825
0.023899461990179383
0.0677111707455901
0.027611344031646334
0.3624089804355524
0.17896402410026507
0.04255408022833662
0.26610391141070505
0.20090935085775877
0.1636825528212715
0.29119738813524926
0.06883616371534798
0.15378435664075296
0.1068004550070128
0.12328834942817886
0.07092112118325318
0.19302339108905175
0.2518868783477262
0.023821329529773606
0.07875490737560736
0.11168337409272291
0.283128243244635
0.13097163408635268
0.17011761756163757
0.28190700027280613
0.06363086810543499
0.1757615555541277
0.25173199438020377
0.37002323985755764
0.14279518533672647
0.3276533786975113
0.2560571158627833
0.28602099723048924
0.2953690067303266
0.3883998450311888
0.09841969502581588
0.017032632138236182
0.09911890940233588
0.018006654697029802
0.2821846507466092
0.333882708223553
0.9736543420097769
0.7883173423584228
0.8049438068544909
0.7051921907097065
0.6395586836567428
0.9195385427137295
0.6571211105463105
0.922266314233821
0.9518104403731813
0.7999680656783716
0.9657007763471723
0.7649650365828479
0.6801494349141601
0.8574284434305341
0.759946057242141
0.8456925991757345
0.7749245586804128
0.8372414986623261
0.980576004304217
0.8212481735667218
0.9614941428896595
0.6554019019487259
0.6006175050284704
0.8451337382094148
0.8166811720933281
0.9122522634104685
0.9285975814808545
0.9813639024553159
0.8439824366628839
0.716032728750587
0.9307231975671181
0.7504067574903162
0.8436708103715178
0.8480086226883672
0.7765999879641574
0.6795087581250874
0.7775814483654173
0.9699069377287725
0.8685737438825754
0.6326092386515517
0.8290636995835644
0.6482648791024006
0.9999854895114557
0.9989521389001244
0.8778848570947633
0.7495519376392709
0.7606043155866618
0.9700397652019388
0.6979435367090939
0.865605072157527
0.7924883004286565
0.6139774235668749
0.6443581847741504
0.9581477519868468
0.9568404552068999
0.9660643951236486
0.722960668382549
0.7193678519348178
0.8637007435705619
0.8380550890431762
0.39374760466077885
0.24624890276933492
0.06188653104892797
0.3325877860958861
0.32627882833456573
0.036816750313547565
0.355115961154689
0.006575623246288531
0.3455720453883224
0.35950827618917
0.340146626806705
0.2611477451436593
0.13150209638601548
0.2181517315994327
0.09517406726131515
0.348713863177379
0.0706934969041079
0.14825434686298125
0.30383381151168765
0.12247356360372855
0.2464557019846507
0.08771646998908939
0.349009466517805
0.25914596366425874
0.18920117790234603
0.09367612845254586
0.3335287252240268
0.039406529811081996
0.08201074406487946
0.09389222951031889
0.2387895090039458
0.2513870163903947
0.39306041664767744
0.07052666631650828
0.3199909651827984
0.062105602707374
0.14439678329037103
0.3820301026598949
0.05206334714186953
0.10913863406081173
0.32364714722964333
0.3862628226694877
0.036968865612179956
0.23336970808345062
0.16217052253216868
0.3597296751396948
0.03391337822778073
0.07245451064242539
0.020266189474269017
0.12051149525202792
0.07607354172181734
0.0034421548851482076
0.051009160261782815
0.04514588952683832
0.2921657805876933
0.09575001313469605
0.3606280484150901
0.1314055719013588
0.34961708911448824
0.09461180599499795
0.7513818422676708
0.8169162231965056
0.8063175929102304
0.7655208472717436
0.7555466451612343
0.7361323271695317
0.7608938520826409
0.7828439586862499
0.7531964230799923
0.8632358909417039
0.9524856824827366
0.8290690337323323
0.7712161828145815
0.7033511732823946
0.9461077732690043
0.6693113202949157
0.8319811299297016
0.890950999351144
0.8921609341403043
0.7615983264024224
0.6471709883941275
0.9054378523674027
0.8134644368926583
0.8888139435039248
0.8390529340078833
0.7691463879951824
0.9733944350640588
0.9975883972040969
0.8191355355768138
0.8920938287370999
0.6111937140259038
0.9454365106571017
0.999452303744046
0.7301239295771316
0.9401043337875371
0.8445968477621305
0.7764452318941832
0.810881834883066
0.9119282446110921
0.7005400773649213
0.7851569284692272
0.9388746688240471
0.8712094377388097
0.7471449173754512
0.6551932037319674
0.7611237790416422
0.9725188369449654
0.8692651141272938
0.7676919261488478
0.827466644825108
0.6166842737366952
0.9982536510197516
0.8476016876465273
0.9117864495104955
0.9725354541393378
0.7366474241853543
0.9245196797896171
0.9490839208822132
0.8663952900267626
0.8355146192708209
0.3573409041197362
0.1794336075017658
0.09775343175042224
0.3256691857321805
0.27885975943362534
0.16384181641748785
0.0022860337060628846
0.38160574562373295
0.2421010398482941
0.002618510639521654
0.19939739481958454
0.23945413840750984
0.12005898005061783
0.18470299846749613
0.1982399124624935
0.23426365637190116
0.34785519538274823
0.33289078367201136
0.3114252192018433
0.21937324307483666
0.24538078260237386
0.2937078908525252
0.22654763656160065
0.3100840538865205
0.3946182423054122
0.31568227587829045
0.245734392666538
0.06331381570125046
0.19055452568540598
0.11345966937842573
0.0615249061008567
0.3108881678116686
0.023585253357612013
0.031649000606027045
0.265695385075767
0.2093379924204026
0.17856275583189915
0.12273217881409049
0.006914048553214914
0.1174107365601263
0.10711758624488601
0.014690240667086352
0.32161583117000625
0.13351982291783812
0.356754673827012
0.3241412934084398
0.3856404830172147
0.3830856255342008
0.2364662019712072
0.12460132774803007
0.3673682921120243
0.020260182492540493
0.09029707255734723
0.14508243946961796
0.1649022806241948
0.37784851827533633
0.23175301801051781
0.07470406045055254
0.23859386611756794
0.3735025188745014
0.6536552561439307
0.9929134121146725
0.6615502612892127
0.9282912549833632
0.8710145898987347
0.7616357038744919
0.6869148165405226
0.9094338940928517
0.9390783716523361
0.8118798479483982
0.7638398878048438
0.6073231786590808
0.6594638451402582
0.9217340760250077
0.7679112494392162
0.7356870281096772
0.7188583401888792
0.8871943974253725
0.9991228725255966
0.8207609102154143
0.9559584180838007
0.6673873148257056
0.953425718461775
0.8811102549639325
0.768843461577911
0.9453259791041508
0.6940172904570043
0.8255002653719352
0.6106241003747978
0.7520205816546633
0.7447340388306978
0.6364974099719399
0.6181014134950725
0.7369806053179093
0.7421655901265126
0.9983352952194675
0.977681828741395
0.6524576447353585
0.8073420221899147
0.7908981501399847
0.76044256346421
0.9722457606660337
0.8061344587799067
0.923832807438819
0.9527088911100481
0.9050671128282468
0.785768280872746
0.6295678418641744
0.7881997431495956
0.6802287909830698
0.6834268894382817
0.6710158400796468
0.7416965794485154
0.9647012504866882
0.7734083676173121
0.6713183545278544
0.9008648996302491
0.62018822628111
0.633067406954186
0.6154333766179524
0.18611144259316298
0.24153146539831455
0.0727157372821825
0.20761188024845995
0.28406131034542625
0.36999215137633956
0.21165265795529056
0.38847429292985963
0.21890110440648294
0.0025751914067554172
0.189110699411579
0.20883523188827177
0.06088356323533293
0.2616936336455553
0.05217745206676203
0.18165954948388752
0.3929445803699983
0.05300563766104589
0.02411156849862719
0.02714891131285544
0.03845841881717798
0.32773694996500774
0.2518426016890656
0.31345240205642994
0.030854161104864365
0.3887993243062726
0.3531334251966567
0.25217325165983323
0.37162923541778725
0.15925064226010519
0.1955704386537246
0.27432129371620423
0.11263863194238898
0.2706799816979261
0.19829268515654697
0.31645679266910665
0.08753341238046618
0.29847833462853185
0.18164441877297946
0.1633049307749985
0.3690573943616831
0.06028825742257964
0.05239314054036997
0.15275603067407562
0.21679464124751502
0.3777480633681282
0.129303507761624
0.03897679145273641
0.3789549038498706
0.3428139286419729
0.010414745515454361
0.04715747280973037
0.331750552225384
0.055389716213848056
0.22778845430366168
0.19111016567091454
0.12267459141062785
0.02264283148039663
0.37473408335247355
0.3616014408865988
